0, 0, 700
CreateObject(2922, 96.66, 1918.65, 18.96,   0.00, 0.00, -270.00);
CreateObject(2922, 96.69, 1918.67, 18.96,   0.00, 0.00, -90.00);
CreateObject(2922, 209.78, 1876.58, 13.60,   0.00, 0.00, -82.38);
CreateObject(2922, 209.52, 1874.75, 13.60,   0.00, 0.00, 180.00);
CreateObject(2922, 226.31, 1870.94, 13.93,   0.00, 0.00, 90.00);
CreateObject(2922, 227.98, 1870.96, 13.93,   0.00, 0.00, 0.00);
CreateObject(2922, 237.75, 1870.96, 11.72,   0.00, 0.00, 0.00);
CreateObject(2922, 238.59, 1870.95, 11.72,   0.00, 0.00, -90.00);
CreateObject(2922, 247.19, 1842.17, 9.21,   0.00, 0.00, 0.00);
CreateObject(2922, 249.24, 1806.54, 8.09,   0.00, 0.00, 56.25);
CreateObject(2922, 249.31, 1805.63, 8.09,   0.00, 0.00, 180.00);
CreateObject(2922, 233.84, 1821.00, 7.92,   0.00, 0.00, 270.00);
CreateObject(2922, 229.03, 1820.43, 7.71,   0.00, 0.00, 74.45);
CreateObject(2922, 229.03, 1820.43, 7.71,   0.00, 0.00, 74.45);
CreateObject(2922, 277.55, 1864.25, 8.84,   0.00, 0.00, -0.86);
CreateObject(2922, 271.27, 1863.75, 9.41,   0.00, 0.00, 179.14);
CreateObject(2922, 270.16, 1866.09, 9.42,   0.00, 0.00, 89.14);
CreateObject(2922, 270.16, 1873.72, 9.42,   0.00, 0.00, 89.14);
CreateObject(2922, 270.94, 1875.49, 9.39,   0.00, 0.00, -0.86);
CreateObject(2921, 274.54, 1883.46, -23.61,   0.00, 0.00, 56.25);
CreateObject(2921, 201.04, 1857.65, 14.75,   0.00, 0.00, 236.25);
CreateObject(2951, 196.96, 1872.62, 12.05,   0.00, 0.00, 0.00);
CreateObject(2951, 196.96, 1866.32, 12.05,   0.00, 0.00, 0.00);
CreateObject(2950, 199.80, 1869.05, 14.84,   0.00, 0.00, -90.00);
CreateObject(2950, 199.80, 1865.62, 14.84,   0.00, 0.00, -90.00);
CreateObject(2951, 197.25, 1865.80, 11.99,   89.94, 0.00, -180.00);
CreateObject(2951, 197.22, 1873.26, 11.99,   89.94, 0.00, 0.00);
CreateObject(2929, 199.51, 1871.59, 13.69,   0.00, 0.00, -90.00);
CreateObject(2929, 199.51, 1867.49, 13.69,   0.00, 0.00, 90.00);
CreateObject(2951, 191.33, 1866.32, 12.05,   0.00, 0.00, 0.00);
CreateObject(2951, 191.43, 1872.62, 12.05,   0.00, 0.00, 0.00);
CreateObject(2951, 191.59, 1873.26, 11.99,   89.94, 0.00, 0.00);
CreateObject(2951, 191.62, 1865.80, 11.99,   89.94, 0.00, -180.00);
CreateObject(2977, 271.40, 1854.82, 7.76,   0.00, 0.00, 0.00);
CreateObject(2978, 271.39, 1854.83, 7.76,   0.00, 0.00, 0.00);
CreateObject(2953, 268.39, 1857.86, 8.82,   0.00, 0.00, -67.50);
CreateObject(2976, 268.96, 1857.16, 8.81,   0.00, 0.00, 0.00);
CreateObject(3017, 268.48, 1858.73, 8.81,   0.00, 0.00, -90.00);
CreateObject(3017, 268.48, 1858.73, 8.81,   0.00, 0.00, -90.00);
CreateObject(1225, 206.03, 1920.45, 17.05,   0.00, 0.00, -303.75);
CreateObject(1225, 210.86, 1921.45, 17.05,   0.00, 0.00, -303.75);
CreateObject(1225, 208.35, 1921.63, 17.05,   0.00, 0.00, -303.75);
CreateObject(1225, 205.69, 1921.66, 17.05,   0.00, 0.00, -303.75);
CreateObject(1225, 206.99, 1921.61, 17.05,   0.00, 0.00, -303.75);
CreateObject(1225, 207.56, 1920.50, 17.05,   0.00, 0.00, -303.75);
CreateObject(1225, 233.82, 1936.27, 24.90,   0.00, 0.00, -303.75);
CreateObject(1225, 232.79, 1936.12, 24.90,   0.00, 0.00, -303.75);
CreateObject(1225, 233.47, 1935.47, 24.90,   0.00, 0.00, -303.75);
CreateObject(1225, 201.76, 1875.64, 12.55,   0.00, 0.00, -303.75);
CreateObject(1225, 202.45, 1874.09, 12.55,   0.00, 0.00, -303.75);
CreateObject(1225, 201.86, 1873.11, 12.55,   0.00, 0.00, -303.75);
CreateObject(1225, 225.26, 1859.46, 12.55,   0.00, 0.00, -303.75);
CreateObject(1225, 224.90, 1860.70, 12.55,   0.00, 0.00, -303.75);
CreateObject(1225, 225.50, 1861.26, 12.55,   0.00, 0.00, -303.75);
CreateObject(1225, 225.67, 1860.24, 12.55,   0.00, 0.00, -303.75);
CreateObject(1225, 225.72, 1858.15, 12.55,   0.00, 0.00, -303.75);
CreateObject(3633, 282.71, 1884.28, 17.12,   0.00, 0.00, 0.00);
CreateObject(12913, 161.80, 1834.72, 19.27,   0.00, 0.00, 0.00);
CreateObject(10814, 110.21, 1840.02, 20.75,   0.00, 0.00, -270.00);
CreateObject(1618, 226.31, 1866.19, 15.32,   0.00, 0.00, 0.00);
CreateObject(1618, 220.65, 1873.81, 14.95,   0.00, 0.00, -270.00);
CreateObject(1687, 206.66, 1860.55, 12.95,   0.00, 0.00, 0.00);
CreateObject(1689, 265.04, 1856.95, 17.85,   0.00, 0.00, 0.00);
CreateObject(2978, -4.62, 1882.25, 16.52,   0.00, 0.00, 0.00);
CreateObject(2978, -4.62, 1882.25, 16.53,   0.00, 0.00, 90.00);
CreateObject(3092, -2.15, 1881.30, 16.73,   -99.69, 109.15, 0.00);
CreateObject(3082, -0.95, 1882.03, 16.75,   91.96, 0.00, 0.00);
CreateObject(3066, 16.97, 1836.32, 17.69,   0.00, 0.00, 0.00);
CreateObject(3048, -9.50, 1878.76, 16.45,   -1.72, 3.44, 56.25);
CreateObject(3044, -2.37, 1882.21, 16.68,   0.00, 0.00, 0.00);
CreateObject(3044, -2.37, 1882.21, 16.68,   0.00, 0.00, 0.00);
CreateObject(16682, 268.83, 1901.02, -11.71,   0.00, 0.00, 45.00);
CreateObject(16681, 268.47, 1902.25, -17.28,   0.00, 0.00, 45.00);
CreateObject(2927, 269.14, 1893.74, -12.97,   0.00, 0.00, 0.00);
CreateObject(14407, 264.61, 1897.25, -18.11,   0.00, 0.00, 270.00);
CreateObject(18084, 271.92, 1894.52, -13.03,   0.00, 0.00, 0.00);
CreateObject(18084, 273.97, 1894.52, -13.03,   0.00, 0.00, 0.00);
CreateObject(18084, 273.97, 1894.52, -13.03,   0.00, 0.00, 0.00);
CreateObject(18084, 273.97, 1894.52, -13.03,   0.00, 0.00, 0.00);
CreateObject(16404, -145.12, 1961.73, 16.26,   0.00, 0.00, 22.50);
CreateObject(16404, -143.01, 1956.26, 16.23,   0.00, 0.00, 202.50);
CreateObject(16637, -140.53, 1955.39, 15.72,   0.00, 9.45, 112.50);
CreateObject(16637, -143.32, 1954.17, 15.85,   0.00, 5.16, 112.50);
CreateObject(16637, -144.63, 1963.71, 15.88,   0.00, 5.16, 292.50);
CreateObject(16637, -146.85, 1962.97, 15.89,   0.00, 359.14, 292.50);
CreateObject(16637, -144.11, 1962.70, 17.83,   0.00, 62.74, 292.50);
CreateObject(16637, -146.18, 1961.83, 17.85,   0.00, 62.74, 292.50);
CreateObject(16637, -143.69, 1955.27, 17.75,   0.00, 62.74, 112.50);
CreateObject(16637, -141.07, 1956.32, 17.74,   0.00, 62.74, 112.50);
CreateObject(3387, -140.91, 1956.22, 14.30,   0.00, 0.00, 0.00);
CreateObject(3389, -141.15, 1957.58, 14.30,   0.00, 0.00, 22.50);
CreateObject(3388, -141.62, 1958.90, 14.31,   0.00, 0.00, 11.25);
CreateObject(3390, -143.11, 1961.55, 14.33,   0.00, 0.00, 22.50);
CreateObject(16637, -142.41, 1960.23, 18.18,   0.00, 92.82, 202.58);
CreateObject(16637, -141.97, 1959.18, 18.18,   0.00, 92.82, 202.58);
CreateObject(3791, -146.79, 1952.51, 14.88,   0.00, 0.00, 11.25);
CreateObject(1224, -149.42, 1952.35, 14.82,   0.00, 0.00, 0.00);
CreateObject(1224, -150.80, 1953.39, 14.74,   0.00, 0.00, 45.00);
CreateObject(1224, -150.42, 1952.93, 16.05,   0.00, 0.00, 56.25);
CreateObject(3864, -152.41, 1963.52, 20.34,   0.00, 0.00, 146.25);
CreateObject(3864, -159.53, 1955.23, 20.12,   0.00, 0.00, 202.50);
CreateObject(3864, -126.25, 1881.96, 22.24,   0.00, 0.00, 315.00);
CreateObject(3864, -138.71, 1921.11, 20.78,   0.00, 0.00, 67.50);
CreateObject(3864, -155.00, 1913.50, 20.90,   0.00, 0.00, 146.25);
CreateObject(3864, -140.37, 1874.21, 22.49,   0.00, 0.00, 258.75);
CreateObject(1225, -151.67, 1954.59, 14.49,   0.00, 0.00, 0.00);
CreateObject(1225, -139.58, 1953.64, 14.68,   0.00, 0.00, 0.00);
CreateObject(1225, -150.63, 1902.31, 15.56,   0.00, 0.00, 0.00);
CreateObject(1225, -149.62, 1902.44, 15.49,   0.00, 0.00, 0.00);
CreateObject(1225, -150.17, 1903.57, 15.45,   0.00, 0.00, 0.00);
CreateObject(1225, -151.65, 1902.47, 15.62,   0.00, 0.00, 0.00);
CreateObject(1225, -152.07, 1903.93, 15.55,   0.00, 0.00, 0.00);
CreateObject(1225, -151.25, 1905.10, 15.43,   0.00, 0.00, 0.00);
CreateObject(1225, -152.92, 1905.69, 15.52,   0.00, 0.00, 0.00);
CreateObject(1225, -150.72, 1900.11, 15.71,   0.00, 0.00, 0.00);
CreateObject(1225, -129.07, 1884.79, 16.30,   0.00, 0.00, 0.00);
CreateObject(1225, -128.90, 1885.81, 16.26,   0.00, 0.00, 0.00);
CreateObject(1225, -130.08, 1886.26, 16.22,   0.00, 0.00, 0.00);
CreateObject(10029, -77.24, 1908.93, 5.34,   0.00, 0.00, 191.25);
CreateObject(2922, 247.57, 1840.61, 9.21,   0.00, 0.00, -91.32);
CreateObject(2922, 257.01, 1843.07, 9.21,   0.00, 0.00, 0.00);
CreateObject(2922, 255.92, 1842.78, 9.21,   0.00, 0.00, 90.00);
CreateObject(2922, 257.05, 1832.76, 5.12,   0.00, 0.00, 0.00);
CreateObject(2922, 255.92, 1832.44, 5.12,   0.00, 0.00, 90.00);
