3, 0, 350
CreateObject(2937,2205.24731400,1634.70581100,55.50897200,0.00000000,0.00000000,-15.46986047); //object(1)
CreateObject(3084,2212.04126000,1641.27111800,55.58774900,99.69459906,84.22473859,-80.86428382); //object(2)
CreateObject(2937,2205.95166000,1637.12377900,55.48268500,0.00000000,0.00000000,-15.46986047); //object(3)
CreateObject(3084,2222.94677700,1638.02465800,57.15522800,99.69459906,84.22473859,-170.86432240); //object(4)
CreateObject(3084,2223.97876000,1614.14904800,66.01940900,99.69459906,84.22473859,-170.86432240); //object(5)
CreateObject(3084,2223.44580100,1625.39819300,61.55600700,123.75882645,84.22473859,-170.86432240); //object(6)
CreateObject(3279,2239.80200200,1599.03527800,67.80217700,0.00000000,0.00000000,-78.75001226); //object(7)
CreateObject(3279,2242.56323200,1602.66455100,83.80590800,0.00000000,0.00000000,-78.75001226); //object(8)
CreateObject(3084,2249.46167000,1605.73181200,100.64144900,99.69459906,84.22473859,-89.38135874); //move me
CreateObject(974,2266.22119100,1621.37243700,96.69961500,0.00000000,0.00000000,0.00000000); //object(17)
CreateObject(974,2270.05761700,1621.34704600,96.69961500,0.00000000,0.00000000,0.00000000); //object(18)
CreateObject(986,2269.42944300,1674.17358400,95.63254500,0.00000000,0.00000000,-179.99996255); //object(21)
CreateObject(4724,2262.64379900,1710.00854500,102.25470000,0.00000000,0.00000000,0.00000000); //object(22)
CreateObject(4724,2273.72338900,1709.78247100,102.18088500,0.00000000,0.00000000,-270.00000112); //object(23)
CreateObject(982,2280.27002000,1727.83508300,101.63970900,0.00000000,91.95966882,0.00000000); //object(26)
CreateObject(982,2257.61450200,1728.70520000,101.88218700,0.00000000,91.95966882,0.00000000); //object(27)
CreateObject(982,2268.99438500,1741.52587900,101.73310900,0.00000000,91.95966882,-92.57829135); //object(28)
CreateObject(3475,2268.27417000,1747.31897000,102.08216100,-16.32929716,90.24079544,-181.34148593); //object(29)
CreateObject(4099,2267.02294900,1764.01245100,94.94561800,192.51427753,85.94361197,-1.33224147); //object(30)
CreateObject(4724,2273.93701200,1783.34814500,88.98942600,0.00000000,0.00000000,-89.99998128); //object(31)
CreateObject(4724,2285.29467800,1787.89355500,88.19735700,0.00000000,0.00000000,-270.00000112); //object(32)
CreateObject(7191,2313.19433600,1793.64978000,80.61553200,-13.75098708,91.10023213,-90.24079544); //object(34)
CreateObject(2567,2339.98266600,1797.39953600,72.77903000,0.00000000,0.00000000,0.00000000); //object(35)
CreateObject(2567,2346.71582000,1797.36059600,72.77903000,0.00000000,0.00000000,0.00000000); //object(36)
CreateObject(2567,2353.43286100,1797.52978500,72.77903000,0.00000000,0.00000000,0.00000000); //object(37)
CreateObject(3565,2357.77685500,1798.16882300,72.19936400,0.00000000,0.00000000,-89.99998128); //object(38)
CreateObject(943,2350.13403300,1799.05505400,71.61719500,0.00000000,0.00000000,0.00000000); //object(41)
CreateObject(931,2350.05273400,1797.47766100,75.78054800,0.00000000,0.00000000,8.59436693); //object(42)
CreateObject(944,2340.16186500,1797.31323200,75.45342300,-5.15662016,2.57831008,-185.15664000); //object(43)
CreateObject(930,2343.40454100,1797.52002000,71.32730100,0.00000000,0.00000000,-89.99998128); //object(44)
CreateObject(1685,2345.21240200,1797.44665500,75.46864300,0.00000000,0.00000000,0.00000000); //object(47)
CreateObject(2678,2342.89746100,1796.93005400,74.65280200,-91.10023213,0.00000000,-268.05847634); //object(49)
CreateObject(16601,2390.46191400,1798.23498500,75.59050000,0.00000000,0.00000000,0.00000000); //object(50)
CreateObject(3565,2384.15600600,1798.68371600,72.19936400,0.00000000,0.00000000,-180.00001985); //object(52)
CreateObject(3565,2384.30786100,1798.26330600,74.87168900,0.00000000,0.00000000,-543.91954923); //object(53)
CreateObject(13025,2362.42944300,1798.55481000,79.79701200,0.00000000,0.00000000,89.99998128); //object(54)
CreateObject(13489,2368.59497100,1798.38220200,79.23265800,0.00000000,0.00000000,0.00000000); //object(55)
CreateObject(13025,2374.77148400,1798.47570800,79.79701200,0.00000000,0.00000000,-89.99998128); //object(56)
CreateObject(7191,2345.57373000,1831.87939500,56.90269100,-12.89155039,89.38135874,-0.24081416); //object(57)
CreateObject(934,2350.61157200,1838.90112300,56.25629000,0.00000000,0.00000000,-89.99998128); //object(63)
CreateObject(3570,2341.79931600,1840.24011200,56.27595500,0.00000000,0.00000000,-89.99998128); //object(65)
CreateObject(3571,2341.79858400,1840.31005900,58.97328200,0.00000000,0.00000000,-91.71885466); //object(66)
CreateObject(3572,2347.07519500,1846.57922400,56.27595500,0.00000000,0.00000000,22.49999532); //object(67)
CreateObject(3572,2353.11547900,1846.15490700,56.27595500,0.00000000,0.00000000,-67.49998596); //object(68)
CreateObject(3572,2347.31030300,1846.59314000,58.97328200,0.00000000,0.00000000,-159.29613263); //object(69)
CreateObject(3570,2353.18847700,1846.13269000,58.97328200,0.00000000,0.00000000,-70.93773273); //object(70)
CreateObject(3573,2333.48901400,1846.41381800,57.61970500,0.00000000,0.00000000,89.99998128); //object(71)
CreateObject(3571,2333.48877000,1843.60168500,58.97328200,0.00000000,0.00000000,-192.96886224); //object(72)
CreateObject(3575,2317.29418900,1870.32800300,57.61970500,0.00000000,0.00000000,179.99996255); //object(73)
CreateObject(3573,2326.43090800,1863.42382800,57.61970500,0.00000000,0.00000000,89.99998128); //object(74)
CreateObject(3572,2321.29492200,1866.90039100,58.97328200,0.00000000,0.00000000,-316.79615715); //object(77)
CreateObject(3571,2326.31054700,1869.46386700,61.67060100,0.00000000,0.00000000,-181.71883594); //object(78)
CreateObject(3571,2317.83227500,1869.33654800,61.67060100,0.00000000,0.00000000,-361.71885579); //object(79)
CreateObject(3572,2317.87109400,1869.42883300,64.36792800,0.00000000,0.00000000,-180.93669125); //object(81)
CreateObject(3570,2326.19140600,1869.45617700,64.36792800,0.00000000,0.00000000,-3.43774677); //object(82)
CreateObject(979,2325.07080100,1883.17321800,54.12800200,73.05206158,0.00000000,89.99998128); //object(83)
CreateObject(982,2325.19921900,1900.91198700,58.45993800,24.92366409,98.83516236,0.00000000); //object(86)
CreateObject(982,2313.93115200,1913.32055700,66.78801700,16.32929716,86.80304867,89.99998128); //object(87)
CreateObject(987,2294.16162100,1922.35913100,66.54806500,-87.66248536,0.00000000,-89.99998128); //object(88)
CreateObject(3279,2180.82226600,1955.62512200,67.12371100,0.00000000,0.00000000,-89.99998128); //object(89)
CreateObject(3279,2176.94995100,1958.65344200,83.27745100,0.00000000,0.00000000,0.00000000); //object(90)
CreateObject(3279,2173.23828100,1961.60937500,99.43119000,0.00000000,0.00000000,0.00000000); //object(61)
CreateObject(3279,2169.66357400,1964.22839400,115.58493000,0.00000000,0.00000000,0.00000000); //object(62)
CreateObject(3279,2166.62329100,1966.40222200,131.73867800,0.00000000,0.00000000,0.00000000); //object(63)
CreateObject(16644,2154.52441400,1967.50915500,148.71839900,0.00000000,0.00000000,0.00000000); //object(64)
CreateObject(16645,2131.07373000,1963.41198700,148.75480700,0.00000000,0.00000000,0.00000000); //object(65)
CreateObject(16645,2107.59643600,1959.34582500,148.75480700,0.00000000,0.00000000,0.00000000); //object(66)
CreateObject(3279,2096.01928700,1959.20568800,131.24282800,0.00000000,0.00000000,-270.00000112); //object(67)
CreateObject(3399,2099.73584000,1971.21276900,129.04414400,0.00000000,0.00000000,-89.99998128); //object(68)
CreateObject(3399,2093.63916000,1977.12463400,124.39350100,0.00000000,0.00000000,0.00000000); //object(69)
CreateObject(4106,2059.09228500,1975.71752900,120.41439100,0.00000000,0.00000000,-89.99998128); //object(70)
CreateObject(4106,2038.61633300,1945.84509300,116.32883500,0.00000000,0.00000000,0.00000000); //object(71)
CreateObject(4106,2010.64856000,1923.37915000,112.39562200,0.00000000,0.00000000,269.99994383); //object(72)
CreateObject(5822,1986.97534200,1918.00317400,109.11327400,0.00000000,0.00000000,-89.99998128); //object(74)
CreateObject(5822,1974.56823700,1916.75647000,122.47528100,0.00000000,0.00000000,101.25000758); //object(75)
CreateObject(3399,1980.70153800,1918.92565900,122.06848100,-1.71887339,-13.75098708,84.06127373); //object(76)
CreateObject(3399,1974.27197300,1933.48571800,123.60967300,0.00000000,0.00000000,-29.45283816); //object(78)
CreateObject(3399,1969.84619100,1926.86608900,127.64092300,0.00000000,0.00000000,-29.45283816); //object(79)
CreateObject(4106,1890.93798800,1891.13525400,123.78403500,0.00000000,0.00000000,179.99996255); //object(80)
CreateObject(4106,1982.83557100,1835.81787100,123.78403500,0.00000000,0.00000000,123.74988831); //object(81)
CreateObject(4106,1891.00817900,1831.14025900,123.85818500,0.00000000,0.00000000,179.99990526); //object(82)
CreateObject(4106,1932.53527800,1799.67651400,124.10830700,0.00000000,0.00000000,-56.25007424); //object(83)
CreateObject(16645,1902.62707500,1790.89221200,124.88180500,0.00000000,0.00000000,-236.24992220); //object(86)
CreateObject(4106,1927.13513200,1760.23901400,119.86372400,0.00000000,0.00000000,22.49993802); //object(87)
CreateObject(4106,1945.78894000,1720.57861300,119.94505300,0.00000000,0.00000000,-157.50002453); //object(88)
CreateObject(4106,1938.82605000,1683.30029300,123.91947200,0.00000000,0.00000000,-243.12547304); //object(89)
CreateObject(4106,1918.21740700,1648.11364700,128.01878400,0.00000000,0.00000000,-164.37551807); //object(90)
CreateObject(3787,1916.84033200,1670.93017600,126.01566300,0.00000000,0.00000000,22.49999532); //object(91)
CreateObject(3279,1926.96850600,1620.35534700,71.17541500,0.00000000,0.00000000,-270.00000112); //object(92)
CreateObject(3279,1930.16296400,1618.27868700,87.32915500,0.00000000,0.00000000,-179.99996255); //object(93)
CreateObject(3279,1932.88159200,1622.27038600,103.48289500,0.00000000,0.00000000,270.00000112); //object(94)
CreateObject(3475,1927.38916000,1621.54321300,120.11208300,-16.32929716,90.24079544,-91.34150466); //object(96)
CreateObject(934,1899.74865700,1628.04113800,72.58609000,0.00000000,0.00000000,0.00000000); //object(98)
CreateObject(943,1901.23999000,1628.86254900,72.02358200,0.00000000,0.00000000,0.00000000); //object(99)
CreateObject(4106,1895.20752000,1607.83337400,77.13713800,0.00000000,0.00000000,179.99990526); //object(100)
CreateObject(4106,1895.26464800,1600.32214400,81.26152000,0.00000000,0.00000000,-0.00011459); //object(101)
CreateObject(4106,1895.19274900,1607.93676800,85.28170800,0.00000000,0.00000000,-180.00007714); //object(102)
CreateObject(3279,1911.34692400,1626.76928700,71.33342700,0.00000000,0.00000000,-359.99998240); //object(103)
CreateObject(3475,1907.38183600,1622.21374500,88.01261900,-16.32929716,90.24079544,-46.34151402); //object(104)
CreateObject(3475,1903.32202100,1618.40271000,88.51567800,6.01605685,90.24079544,-47.20095071); //object(105)
CreateObject(3475,1895.49169900,1572.84387200,88.03130300,-15.46986047,90.24079544,-2.20096007); //object(106)
CreateObject(4597,1895.36169400,1552.27111800,89.01744800,80.78699182,0.00000000,-89.99998128); //object(107)
CreateObject(1458,1895.19287100,1553.78857400,89.47264900,0.00000000,0.00000000,0.00000000); //object(108)
CreateObject(1458,1895.29309100,1550.47985800,89.48074300,0.00000000,0.00000000,-179.99996255); //object(109)
CreateObject(1894,1896.55004900,1530.51403800,86.86114500,0.00000000,0.00000000,-270.00000112); //object(110)
CreateObject(1894,1894.08764600,1470.24096700,86.82975800,0.00000000,0.00000000,-449.99996368); //object(111)
CreateObject(1894,1895.78772000,1470.31469700,89.07457700,0.00000000,0.00000000,-629.99981164); //object(112)
CreateObject(1894,1893.37573200,1418.60974100,67.83075700,0.00000000,40.39346726,-1169.99947011); //object(114)
CreateObject(1894,1861.80334500,1373.04589800,57.34075900,-0.85943669,12.03205640,-1181.17168875); //object(115)
CreateObject(1894,1872.38903800,1429.04895000,68.57489800,-0.85943669,-10.31329761,-995.15595583); //object(116)
CreateObject(16312,1913.60058600,1296.91247600,58.94519800,0.00000000,0.00000000,-236.24997950); //object(117)
CreateObject(11247,1923.77807600,1285.34826700,62.45072200,0.00000000,0.00000000,38.04714779); //object(118)
CreateObject(11247,1936.76818800,1268.85595700,62.55146000,0.00000000,0.00000000,38.04714779); //object(119)
CreateObject(4106,1890.03356900,1261.29980500,64.50472300,0.00000000,0.00000000,-355.62544963); //object(120)
CreateObject(4106,1903.44982900,1305.14953600,68.37898300,0.00000000,0.00000000,-411.87546658); //object(121)
CreateObject(4106,1945.50341800,1314.16284200,72.27825200,0.00000000,0.00000000,-119.37552743); //object(122)
CreateObject(4106,2068.20288100,1287.54577600,74.13430800,0.00000000,0.00000000,-96.87553211); //object(123)
CreateObject(4106,2017.97656300,1296.29113800,78.14886500,0.00000000,0.00000000,71.87446143); //object(124)
CreateObject(10402,2118.61645500,1260.21447800,74.35965000,94.53797890,0.00000000,-48.36038811); //object(127)
CreateObject(8674,1982.79577600,1305.90197800,79.49681900,83.36530190,73.91149828,87.66248536); //object(129)
CreateObject(8674,1974.89099100,1303.75293000,76.33245800,66.17656804,73.91149828,166.41244033); //object(130)
CreateObject(10402,2161.59082000,1213.20886200,75.93247200,91.10023213,22.34535401,-249.84609609); //object(131)
CreateObject(10402,2205.93945300,1166.19116200,77.89789600,94.53797890,0.00000000,-408.36037051); //object(132)
CreateObject(1245,2276.16064500,1170.68359400,80.04225900,0.00000000,0.00000000,-180.00001985); //object(133)
CreateObject(1697,2303.93481400,1163.15576200,80.53938300,0.00000000,0.00000000,22.49999532); //object(135)
CreateObject(1697,2320.90869100,1091.00183100,80.15657000,0.00000000,0.00000000,22.49999532); //object(136)
CreateObject(10402,2307.41088900,1057.29797400,84.09374200,94.53797890,0.00000000,-481.01709121); //object(137)
CreateObject(2633,2234.58789100,995.76074200,81.12933300,0.00000000,0.00000000,-157.49996723); //object(142)
CreateObject(2633,2238.47534200,997.37585400,80.07926900,0.00000000,0.00000000,-157.49996723); //object(143)
CreateObject(2633,2238.95459000,998.59027100,80.02926600,0.00000000,0.00000000,-67.49998596); //object(144)
CreateObject(1698,2238.35546900,1001.27533000,80.49839000,0.00000000,0.00000000,-67.49998596); //object(145)
CreateObject(3361,2207.64062500,994.88568100,82.88624600,0.00000000,0.00000000,-22.49999532); //object(146)
CreateObject(3361,2176.38183600,1074.02233900,84.57856000,0.00000000,0.00000000,-67.49998596); //object(147)
CreateObject(3361,2179.47338900,1066.57714800,84.57856000,0.00000000,-46.40952411,-67.49998596); //object(148)
CreateObject(3361,2184.00512700,1056.75537100,84.57856000,0.00000000,0.00000000,-67.49998596); //object(149)
CreateObject(3361,2187.14184600,1049.23974600,80.57831600,0.00000000,0.00000000,-67.49998596); //object(151)
CreateObject(1208,2309.11938500,1057.91503900,84.16534400,0.00000000,0.00000000,-33.75002163); //object(154)
CreateObject(1481,2306.94580100,1059.38403300,84.68138100,0.00000000,0.00000000,146.24994093); //object(155)
CreateObject(1518,2309.16235400,1057.95861800,85.38156900,0.00000000,0.00000000,146.24999822); //object(156)
CreateObject(1738,2308.08862300,1058.64209000,84.76786800,0.00000000,0.00000000,-33.75002163); //object(157)
CreateObject(1738,2295.18774400,1171.00293000,79.59213300,0.00000000,0.00000000,-123.74994561); //object(158)
CreateObject(1738,2294.28002900,1169.67358400,79.59213300,0.00000000,0.00000000,-123.74994561); //object(159)
CreateObject(1738,2294.73120100,1170.34960900,79.59213300,0.00000000,0.00000000,-123.74994561); //object(160)
CreateObject(8613,2212.20678700,1146.84875500,82.92610900,0.00000000,0.00000000,134.99997191); //object(162)
