0, 0, 350
CreateDYNObject(16090, -2688.9990234375, 2142.943359375, 54.429618835449, 0, 0, 86);
CreateDYNObject(16090, -2672.9819335938, 2142.5834960938, 54.429615020752, 0, 0, 90);
CreateDYNObject(3571, -2698.7639160156, 2143.845703125, 58.937553405762, 0, 90, 6.00048828125);
CreateDYNObject(3571, -2664.5065917969, 2145.0734863281, 58.937553405762, 0, 90, 179.99731445313);
CreateDYNObject(3110, -2689.1098632813, 2141.4443359375, 51.929618835449, 0, 0, 19.9951171875);
CreateDYNObject(1260, -2669.4575195313, 2141.0678710938, 51.794723510742, 0, 0, 96);
CreateDYNObject(1260, -2277.3840332031, 2677.5070800781, 52.325424194336, 0, 0, 0);
CreateDYNObject(1260, -2277.3718261719, 2640.126953125, 52.325424194336, 0, 0, 0);
CreateDYNObject(3856, -2507.0969238281, 2346.1169433594, 6.8505487442017, 0, 0, 268);
CreateDYNObject(3279, -2207.3015136719, 2337.2250976563, 3.9765625, 0, 0, 0);
CreateDYNObject(3392, -2186.6013183594, 2353.1528320313, 0, 0, 0, 0);
CreateDYNObject(3279, -2723.9951171875, 2404.2919921875, 74.907371520996, 0, 0, 0);
CreateDYNObject(3279, -2613.1552734375, 2257.4658203125, 7.2109375, 0, 0, 0);
CreateDYNObject(3279, -2669.43359375, 2152.48046875, 54.4296875, 0, 0, 0);
CreateDYNObject(7516, -2197.0795898438, 2262.6806640625, -39.572219848633, 0, 0, 0);
CreateDYNObject(3528, -2465.3876953125, 2414.5334472656, 23.296844482422, 0, 0, 14);
CreateDYNObject(6300, -2313.5771484375, 2199.5751953125, 1.5, 0, 0, 270);
CreateDYNObject(16082, -2293.4533691406, 2234.9387207031, 6, 0, 0, 270);
CreateDYNObject(10774, -2319.1279296875, 2181.7080078125, 12.458814620972, 0, 0, 87.994995117188);
CreateDYNObject(12859, -2295.712890625, 2183.8125, 9.5488414764404, 0, 0, 90);
CreateDYNObject(8884, -2340.6938476563, 2222.3623046875, 12.982467651367, 0, 0, 0);
CreateDYNObject(8341, -2324.1005859375, 2203.4091796875, 13.796976089478, 0, 0, 0);
CreateDYNObject(7622, -2265.810546875, 2311.08984375, 9.804723739624, 0, 0, 0);
CreateDYNObject(6300, -2305.703125, 2176.34765625, 1.4270067214966, 0, 0, 0);
CreateDYNObject(10831, -2290.7802734375, 2151.9658203125, 14.155340194702, 0, 0, 181.99951171875);
CreateDYNObject(12954, -2466.2631835938, 2275.5964355469, 4.4215006828308, 0, 0, 0);
CreateDYNObject(2671, -2465.6047363281, 2289.439453125, 3.8359375, 0, 0, 0);
CreateDYNObject(2671, -2467.111328125, 2296.4379882813, 3.8359375, 0, 0, 0);
CreateDYNObject(2671, -2460.8974609375, 2297.4370117188, 3.8359375, 0, 0, 0);
CreateDYNObject(2671, -2459.5693359375, 2290.5158691406, 3.8359375, 0, 0, 0);
CreateDYNObject(2676, -2463.4921875, 2293.0385742188, 3.9357771873474, 0, 0, 0);
CreateDYNObject(2676, -2469.4921875, 2293.1083984375, 3.9357771873474, 0, 0, 0);
CreateDYNObject(13591, -2471.6091308594, 2295.9914550781, 4.4982089996338, 0, 0, 91.999938964844);
CreateDYNObject(8875, -2705.2202148438, 2144.2116699219, 72.568130493164, 0, 0, 120);
CreateDYNObject(8875, -2658.7155761719, 2143.6945800781, 72.568130493164, 0, 0, 49.998168945313);
CreateDYNObject(9131, -2686.4248046875, 2142.5153808594, 54.808532714844, 0, 268, 0);
CreateDYNObject(3270, -2369.4450683594, 2555.0695800781, 22.900323867798, 0, 0, 0);
CreateDYNObject(3364, -2631.3933105469, 2439.2529296875, 14.20937538147, 0, 0, 188);
CreateDYNObject(18451, -2385.359375, 2635.1743164063, 52.977699279785, 0, 0, 0);
CreateDYNObject(18246, -2444.6977539063, 2646.93359375, 55.322441101074, 0, 0, 92);
CreateDYNObject(14637, -2421.9653320313, 2538.9050292969, 19.648416519165, 0, 0, 254);
CreateDYNObject(14467, -2421.388671875, 2535.0290527344, 18.705699920654, 0, 0, 0);
CreateDYNObject(9585, -2248.056640625, 2151.1435546875, 6.2788009643555, 0, 0, 90);
CreateDYNObject(9586, -2248.0576171875, 2148.8603515625, 16.577701568604, 0, 0, 90);
CreateDYNObject(9584, -2248.0595703125, 2075.9091796875, 25.475082397461, 0, 0, 90);
CreateDYNObject(9590, -2248.0576171875, 2157.4775390625, 8.25, 0, 0, 90);
CreateDYNObject(9698, -2246.8854980469, 2087.4155273438, 28.35605430603, 0, 0, 90);
CreateDYNObject(5130, -2247.9460449219, 2101.7111816406, 18.848115921021, 0, 0, 44);
CreateDYNObject(5822, -2248.1284179688, 2125.212890625, 8.7289352416992, 0, 0, 184);
CreateDYNObject(3378, -2239.4997558594, 2166.8488769531, 1.8183619976044, 0, 0, 0);
CreateDYNObject(3378, -2239.4990234375, 2166.8486328125, 4.0683622360229, 0, 0, 0);
CreateDYNObject(3066, -2253.5241699219, 2121.3532714844, 1.702713727951, 0, 0, 82);
CreateDYNObject(2935, -2257.5876464844, 2142.6359863281, 2.1003570556641, 0, 0, 0);
CreateDYNObject(2935, -2257.5869140625, 2143.1357421875, 5.1003570556641, 0, 0, 0);
CreateDYNObject(2935, -2254.5869140625, 2142.8857421875, 1.8503570556641, 0, 0, 0);
CreateDYNObject(925, -2254.4736328125, 2147.0341796875, 1.7103425264359, 0, 0, 0);
CreateDYNObject(925, -2257.2236328125, 2147.2841796875, 1.7103425264359, 0, 0, 0);
CreateDYNObject(930, -2250.599609375, 2124.4760742188, 1.1302710771561, 0, 0, 0);
CreateDYNObject(930, -2251.599609375, 2124.4755859375, 1.1302710771561, 0, 0, 0);
CreateDYNObject(930, -2252.849609375, 2124.4755859375, 1.1302710771561, 0, 0, 0);
CreateDYNObject(930, -2253.849609375, 2124.4755859375, 1.1302710771561, 0, 0, 0);
CreateDYNObject(930, -2254.599609375, 2124.4755859375, 1.1302710771561, 0, 0, 0);
CreateDYNObject(930, -2255.349609375, 2124.4755859375, 1.1302710771561, 0, 0, 0);
CreateDYNObject(930, -2256.099609375, 2124.4755859375, 1.1302710771561, 0, 0, 0);
CreateDYNObject(930, -2256.599609375, 2124.4755859375, 1.1302710771561, 0, 0, 0);
CreateDYNObject(930, -2257.349609375, 2124.4755859375, 1.1302710771561, 0, 0, 0);
CreateDYNObject(930, -2258.099609375, 2124.4755859375, 1.1302710771561, 0, 0, 0);
CreateDYNObject(930, -2249.349609375, 2124.4755859375, 1.1302710771561, 0, 4, 0);
CreateDYNObject(930, -2258.099609375, 2125.9755859375, 1.1302710771561, 0, 0, 0);
CreateDYNObject(930, -2257.599609375, 2125.9755859375, 1.1302710771561, 0, 0, 0);
CreateDYNObject(930, -2257.099609375, 2125.9755859375, 1.1302710771561, 0, 0, 358);
CreateDYNObject(930, -2256.849609375, 2125.9755859375, 1.1302710771561, 0, 0, 357.99499511719);
CreateDYNObject(930, -2256.099609375, 2125.9755859375, 1.1302710771561, 0, 0, 357.99499511719);
CreateDYNObject(930, -2255.599609375, 2125.9755859375, 1.1302710771561, 0, 0, 357.99499511719);
CreateDYNObject(930, -2254.599609375, 2125.9755859375, 1.1302710771561, 0, 0, 357.99499511719);
CreateDYNObject(930, -2254.099609375, 2125.9755859375, 1.1302710771561, 0, 0, 357.99499511719);
CreateDYNObject(930, -2254.099609375, 2125.9755859375, 1.1302710771561, 0, 0, 357.99499511719);
CreateDYNObject(930, -2254.099609375, 2125.9755859375, 1.1302710771561, 0, 0, 357.99499511719);
CreateDYNObject(930, -2254.099609375, 2125.9755859375, 1.1302710771561, 0, 0, 357.99499511719);
CreateDYNObject(930, -2253.849609375, 2125.9755859375, 1.1302710771561, 0, 0, 357.99499511719);
CreateDYNObject(930, -2253.349609375, 2125.9755859375, 1.1302710771561, 0, 0, 357.99499511719);
CreateDYNObject(930, -2252.849609375, 2125.9755859375, 1.1302710771561, 0, 0, 357.99499511719);
CreateDYNObject(930, -2252.599609375, 2125.9755859375, 1.1302710771561, 0, 0, 357.99499511719);
CreateDYNObject(930, -2252.099609375, 2125.9755859375, 1.1302710771561, 0, 0, 357.99499511719);
CreateDYNObject(930, -2251.599609375, 2125.9755859375, 1.1302710771561, 0, 0, 357.99499511719);
CreateDYNObject(930, -2250.849609375, 2125.9755859375, 1.1302710771561, 0, 0, 357.99499511719);
CreateDYNObject(930, -2250.349609375, 2125.9755859375, 1.1302710771561, 0, 0, 357.99499511719);
CreateDYNObject(2567, -2256.5944824219, 2177.9680175781, 2.5760388374329, 0, 0, 0);
CreateDYNObject(2567, -2251.09375, 2177.9677734375, 2.5760388374329, 0, 0, 0);
CreateDYNObject(2669, -2246.9821777344, 2177.5231933594, 1.9887104034424, 0, 0, 0);
CreateDYNObject(2669, -2256.4814453125, 2175.0224609375, 1.9887104034424, 0, 0, 90);
CreateDYNObject(3573, -2250.869140625, 2186.7626953125, 3.3401288986206, 0, 0, 0);
CreateDYNObject(3575, -2250.1960449219, 2164.4736328125, 3.3401284217834, 0, 0, 0);
CreateDYNObject(3576, -2239.7790527344, 2147.111328125, 2.1411101818085, 0, 0, 0);
CreateDYNObject(3576, -2250.5283203125, 2142.861328125, 2.1411101818085, 0, 0, 0);
CreateDYNObject(3577, -2246.0925292969, 2154.6062011719, 1.4369029998779, 0, 0, 0);
CreateDYNObject(3577, -2245.591796875, 2154.60546875, 2.9369029998779, 0, 0, 0);
CreateDYNObject(3630, -2244.0366210938, 2146.8422851563, 2.1410596370697, 0, 0, 90);
CreateDYNObject(5261, -2237.6745605469, 2133.4892578125, 2.8820652961731, 0, 0, 270);
CreateDYNObject(5262, -2254.9130859375, 2153.0754394531, 3.6060981750488, 0, 0, 0);
CreateDYNObject(2845, -2257.3146972656, 2174.6286621094, 0.77106308937073, 0, 0, 0);
CreateDYNObject(3958, -2377.3833007813, 2008.3414306641, -49.133293151855, 0, 0, 0);
CreateDYNObject(1245, -2288.2299804688, 2223.4733886719, 11.042260169983, 0, 0, 276);
CreateDYNObject(5259, -2258.986328125, 2216.3586425781, 15.858951568604, 0, 0, 0);
CreateDYNObject(5259, -2258.986328125, 2208.3583984375, 15.858951568604, 0, 0, 0);
CreateDYNObject(5259, -2250.986328125, 2212.3583984375, 15.858951568604, 0, 0, 0);
CreateDYNObject(7527, -2243.4848632813, 2169.3686523438, 21.851175308228, 0, 0, 270);
CreateDYNObject(9588, -2244.6455078125, 2196.396484375, 22.107200622559, 0, 0, 90);
CreateDYNObject(1829, -2238.5212402344, 2090.9809570313, 31.976833343506, 0, 0, 0);
CreateDYNObject(11495, -2269.83203125, 2149.8298339844, 17.703884124756, 0, 0, 88);
CreateDYNObject(5153, -2261.9379882813, 2146.9411621094, 16.639772415161, 0, 356, 88);
CreateDYNObject(3528, -2247.6137695313, 2093.8154296875, 28.020868301392, 0, 4, 90);
CreateDYNObject(3267, -2235.8881835938, 2077.1376953125, 26.146957397461, 0, 0, 262);
CreateDYNObject(3524, -2285.0910644531, -1634.81640625, 485.58755493164, 0, 0, 284);
CreateDYNObject(3378, -2244.0090332031, 2108.4887695313, 17.028875350952, 0, 0, 272);
CreateDYNObject(3378, -2244.0087890625, 2108.8596191406, 19.393835067749, 0, 359.99499511719, 273.9990234375);
CreateDYNObject(2934, -2249.6520996094, 2129.8171386719, 17.310871124268, 0, 0, 0);
CreateDYNObject(2934, -2245.953125, 2134.31640625, 17.328876495361, 0, 0, 0);
CreateDYNObject(2934, -2242.8129882813, 2130.3950195313, 17.310871124268, 0, 0, 0);
CreateDYNObject(2934, -2245.953125, 2134.31640625, 20.233722686768, 0, 0, 0);
CreateDYNObject(2934, -2249.9013671875, 2137.06640625, 17.310871124268, 0, 0, 0);
CreateDYNObject(9586, -2248.0576171875, 2148.8603515625, 16.577701568604, 0, 0, 90);
CreateDYNObject(18260, -2257.4465332031, 2139.4970703125, 17.439783096313, 0, 0, 0);
CreateDYNObject(18257, -2259.0717773438, 2128.5856933594, 15.858951568604, 0, 0, 274);
CreateDYNObject(931, -2256.3068847656, 2107.5971679688, 16.92085647583, 0, 0, 90);
CreateDYNObject(9819, -2254.2282714844, 2090.6013183594, 32.362342834473, 0, 0, 90);
CreateDYNObject(9820, -2248.1184082031, 2086.8410644531, 32.075115203857, 0, 0, 94);
CreateDYNObject(9822, -2252.9565429688, 2089.74609375, 32.17830657959, 0, 0, 88);
CreateDYNObject(9818, -2248.3791503906, 2090.8864746094, 33.148990631104, 0, 0, 90);
CreateDYNObject(3279, -2527.490234375, 2288.9206542969, 3.9902372360229, 0, 0, 262);
CreateDYNObject(3279, -2280.92578125, 2209.3220214844, 9.390625, 0, 0, 179.99993896484);
