4, 0, 350
CreateDYNObject(1634, 1482.56824, 1839.119995, 11.109818, 0.0000, 0.0000, 0.0000);
CreateDYNObject(1634, 1486.57825, 1839.116943, 11.109818, 0.0000, 0.0000, 0.0000);
CreateDYNObject(1634, 1475.694336, 1839.116089, 11.109818, 0.0000, 0.0000, 0.0000);
CreateDYNObject(1634, 1490.694336, 1839.116577, 11.109818, 0.0000, 0.0000, 0.0000);
CreateDYNObject(1634, 1482.573853, 1846.683228, 16.296276, 18.0473, 0.0000, 0.0000);
CreateDYNObject(1634, 1486.643188, 1846.689209, 16.299273, 18.0473, 0.0000, 0.0000);
CreateDYNObject(1634, 1490.786987, 1846.709717, 16.315624, 18.0473, 0.0000, 0.0000);
CreateDYNObject(1634, 1494.591187, 1846.683350, 16.296227, 18.0473, 0.0000, 0.0000);
CreateDYNObject(18449, 1491.1, 1893.561279, 52.651100, 0.0000, 320.4659, 89.9994);
CreateDYNObject(18449, 1491.1, 1950.680908, 99.796127, 0.0000, 320.4659, 89.9994);
CreateDYNObject(18449, 1491.1, 2008.102417, 147.191315, 0.0000, 320.4659, 89.9994);
CreateDYNObject(18449, 1491.1, 2065.737549, 194.760788, 0.0000, 320.4659, 89.9994);
CreateDYNObject(18449, 1491.1, 2126.818115, 245.176849, 0.0000, 320.4659, 89.9994);
CreateDYNObject(18449, 1491.1, 2184.229004, 292.561554, 0.0000, 320.4659, 89.9994);
CreateDYNObject(18449, 1491.1, 2243.204590, 341.239502, 0.0000, 320.4659, 89.9994);
CreateDYNObject(18449, 1491.1, 2303.768066, 391.227692, 0.0000, 320.4659, 89.9994);
CreateDYNObject(18449, 1491.1, 2363.281006, 440.348236, 0.0000, 320.4659, 89.9994);
CreateDYNObject(18449, 1491.1, 2423.250000, 489.842743, 0.0000, 320.4659, 89.9994);
CreateDYNObject(18449, 1491.1, 2484.136963, 540.096558, 0.0000, 320.4659, 89.9994);
CreateDYNObject(18449, 1491.1, 2545.079834, 590.395752, 0.0000, 320.4659, 89.9994);
CreateDYNObject(18449, 1491.1, 2606.310791, 640.932922, 0.0000, 320.4659, 89.9994);
CreateDYNObject(18449, 1491.1, 2665.928223, 690.138855, 0.0000, 320.4659, 89.9994);
CreateDYNObject(8040, 1490.921021, 2736.520508, 716.629578, 0.0000, 0.0000, 269.9998);
CreateDYNObject(14553, 1506.120117, 2751.961670, 729.476807, 0.0000, 0.0000, 0.0000);
CreateDYNObject(14548, 1506.124634, 2754.833496, 729.251953, 0.0000, 0.0000, 0.0000);
CreateDYNObject(14550, 1506.027832, 2749.036621, 730.383972, 0.0000, 0.0000, 0.0000);
CreateDYNObject(18449, 1506.118896, 2424.006836, 490.468689, 0.0000, 320.4659, 89.9994);
CreateDYNObject(1633, 1488.127808, 1862.606567, 27.616615, 331.6386, 0.0000, 179.9996);
CreateDYNObject(1633, 1488.128174, 1864.788818, 28.605782, 319.6065, 0.0000, 179.9996);
CreateDYNObject(1633, 1506.899658, 1863.111206, 27.834276, 319.6065, 0.0000, 179.9996);
CreateDYNObject(1633, 1495.104370, 1863.115112, 27.836330, 319.6065, 0.0000, 179.9996);
CreateDYNObject(1633, 1506.257080, 1862.608643, 27.614634, 331.6386, 0.0000, 179.9996);
CreateDYNObject(1633, 1495.336426, 1862.718506, 27.636673, 331.6386, 0.0000, 179.9996);
CreateDYNObject(5152, 1488.848145, 1861.322144, 26.822598, 0.0000, 0.0000, 269.9998);
CreateDYNObject(5152, 1490.765137, 1861.311890, 26.833586, 0.0000, 0.0000, 269.9998);
CreateDYNObject(5152, 1492.908691, 1861.273560, 26.840446, 0.0000, 0.0000, 269.9998);
CreateDYNObject(5152, 1494.762573, 1861.258423, 26.844227, 0.0000, 0.0000, 269.9998);
CreateDYNObject(1633, 1494.980835, 1860.427856, 28.729591, 331.6386, 0.0000, 179.9996);
CreateDYNObject(1633, 1494.985840, 1855.535767, 29.344816, 352.2651, 0.0000, 179.9996);
CreateDYNObject(1633, 1495.010986, 1851.966431, 30.643219, 17.1879, 0.0000, 179.9996);
CreateDYNObject(1633, 1495.008179, 1859.602905, 29.041468, 344.5301, 0.0000, 179.9996);
CreateDYNObject(1633, 1495.004028, 1853.887695, 29.721571, 9.4530, 0.0000, 179.9996);
CreateDYNObject(1633, 1494.970581, 1849.425293, 32.435482, 22.3445, 0.0000, 179.9996);
CreateDYNObject(1633, 1495.035156, 1847.158081, 33.758003, 45.5493, 0.0000, 179.9996);
CreateDYNObject(1633, 1494.900146, 1847.480225, 33.964119, 29.2200, 0.0000, 179.9996);
CreateDYNObject(1633, 1487.804077, 2092.407471, 216.818878, 308.4338, 0.0000, 179.9996);
CreateDYNObject(1633, 1487.749146, 2088.517334, 214.381180, 321.3253, 0.0000, 179.9996);
CreateDYNObject(1633, 1487.744263, 2082.732910, 212.481812, 329.0603, 0.0000, 179.9996);
CreateDYNObject(1633, 1487.780151, 2079.094971, 211.755188, 343.6707, 0.0000, 179.9996);
CreateDYNObject(1633, 1487.797729, 2074.491699, 212.474854, 3.4369, 0.0000, 179.9996);
CreateDYNObject(1633, 1487.692505, 2079.593506, 211.882523, 338.5141, 0.0000, 179.9996);
CreateDYNObject(1633, 1487.704102, 2077.185791, 211.812820, 357.4217, 0.0000, 179.9996);
CreateDYNObject(1633, 1487.719116, 2071.434814, 213.866943, 13.7501, 0.0000, 179.9996);
CreateDYNObject(1633, 1487.751709, 2068.570068, 215.846848, 32.6578, 0.0000, 179.9996);
CreateDYNObject(3516, 1486.234375, 2697.138184, 719.099609, 0.0000, 0.0000, 179.9996);
CreateDYNObject(1634, 1482.614868, 1833.412354, 9.259815, 345.3896, 0.0000, 0.0000);
CreateDYNObject(1634, 1486.698486, 1833.377808, 9.259400, 345.3896, 0.0000, 0.0000);
CreateDYNObject(1634, 1490.620605, 1833.413818, 9.269840, 345.3896, 0.0000, 0.0000);
CreateDYNObject(1634, 1494.744263, 1833.390991, 9.266252, 345.3896, 0.0000, 0.0000);
