CreateObject(19357, -1927.50, 639.80, 147.00,   0.00, 0.00, 0.00);
CreateObject(19357, -1927.50, 643.00, 147.00,   0.00, 0.00, 0.00);
CreateObject(19357, -1927.50, 646.20, 147.00,   0.00, 0.00, 0.00);
CreateObject(19357, -1927.50, 649.40, 147.00,   0.00, 0.00, 0.00);
CreateObject(19357, -1927.50, 652.60, 147.00,   0.00, 0.00, 0.00);
CreateObject(19357, -1927.50, 655.80, 147.00,   0.00, 0.00, 0.00);
CreateObject(19357, -1927.50, 659.00, 147.00,   0.00, 0.00, 0.00);
CreateObject(19357, -1927.50, 662.20, 147.00,   0.00, 0.00, 0.00);
CreateObject(19357, -1927.50, 665.40, 147.00,   0.00, 0.00, 0.00);
CreateObject(19357, -1927.50, 668.60, 147.00,   0.00, 0.00, 0.00);
CreateObject(19357, -1927.50, 671.80, 147.00,   0.00, 0.00, 0.00);
CreateObject(19357, -1927.50, 675.00, 147.00,   0.00, 0.00, 0.00);
CreateObject(19357, -1927.50, 678.20, 147.00,   0.00, 0.00, 0.00);
CreateObject(19357, -1929.19, 638.28, 147.00,   0.00, 0.00, 90.00);
CreateObject(19357, -1932.39, 638.28, 147.00,   0.00, 0.00, 90.00);
CreateObject(19357, -1935.59, 638.28, 147.00,   0.00, 0.00, 90.00);
CreateObject(19357, -1938.79, 638.28, 147.00,   0.00, 0.00, 90.00);
CreateObject(19357, -1941.99, 638.28, 147.00,   0.00, 0.00, 90.00);
CreateObject(19357, -1945.19, 638.28, 147.00,   0.00, 0.00, 90.00);
CreateObject(19357, -1948.39, 638.28, 147.00,   0.00, 0.00, 90.00);
CreateObject(19357, -1951.59, 638.28, 147.00,   0.00, 0.00, 90.00);
CreateObject(19357, -1954.79, 638.28, 147.00,   0.00, 0.00, 90.00);
CreateObject(19357, -1957.99, 638.28, 147.00,   0.00, 0.00, 90.00);
CreateObject(19357, -1961.19, 638.28, 147.00,   0.00, 0.00, 90.00);
CreateObject(19357, -1964.39, 638.28, 147.00,   0.00, 0.00, 90.00);
CreateObject(19357, -1967.59, 638.28, 147.00,   0.00, 0.00, 90.00);
CreateObject(19357, -1970.79, 638.28, 147.00,   0.00, 0.00, 90.00);
CreateObject(19357, -1973.99, 638.28, 147.00,   0.00, 0.00, 90.00);
CreateObject(19357, -1975.69, 639.80, 147.00,   0.00, 0.00, 0.00);
CreateObject(19357, -1975.69, 643.00, 147.00,   0.00, 0.00, 0.00);
CreateObject(19357, -1975.69, 646.20, 147.00,   0.00, 0.00, 0.00);
CreateObject(19357, -1975.69, 649.40, 147.00,   0.00, 0.00, 0.00);
CreateObject(19357, -1975.69, 652.60, 147.00,   0.00, 0.00, 0.00);
CreateObject(19357, -1975.69, 655.80, 147.00,   0.00, 0.00, 0.00);
CreateObject(19357, -1975.69, 659.00, 147.00,   0.00, 0.00, 0.00);
CreateObject(19357, -1975.69, 662.20, 147.00,   0.00, 0.00, 0.00);
CreateObject(19357, -1975.69, 665.40, 147.00,   0.00, 0.00, 0.00);
CreateObject(19357, -1975.69, 668.60, 147.00,   0.00, 0.00, 0.00);
CreateObject(19357, -1975.69, 671.80, 147.00,   0.00, 0.00, 0.00);
CreateObject(19357, -1975.69, 675.00, 147.00,   0.00, 0.00, 0.00);
CreateObject(19357, -1975.69, 678.20, 147.00,   0.00, 0.00, 0.00);
CreateObject(19357, -1929.19, 679.71, 147.00,   0.00, 0.00, 90.00);
CreateObject(19357, -1932.39, 679.71, 147.00,   0.00, 0.00, 90.00);
CreateObject(19357, -1935.59, 679.71, 147.00,   0.00, 0.00, 90.00);
CreateObject(19357, -1938.79, 679.71, 147.00,   0.00, 0.00, 90.00);
CreateObject(19357, -1941.99, 679.71, 147.00,   0.00, 0.00, 90.00);
CreateObject(19357, -1945.19, 679.71, 147.00,   0.00, 0.00, 90.00);
CreateObject(19357, -1948.39, 679.71, 147.00,   0.00, 0.00, 90.00);
CreateObject(19357, -1951.59, 679.71, 147.00,   0.00, 0.00, 90.00);
CreateObject(19357, -1954.79, 679.71, 147.00,   0.00, 0.00, 90.00);
CreateObject(19357, -1957.99, 679.71, 147.00,   0.00, 0.00, 90.00);
CreateObject(19357, -1961.19, 679.71, 147.00,   0.00, 0.00, 90.00);
CreateObject(19357, -1964.39, 679.71, 147.00,   0.00, 0.00, 90.00);
CreateObject(19357, -1967.59, 679.71, 147.00,   0.00, 0.00, 90.00);
CreateObject(19357, -1970.79, 679.71, 147.00,   0.00, 0.00, 90.00);
CreateObject(19357, -1973.99, 679.71, 147.00,   0.00, 0.00, 90.00);
CreateObject(19357, -1924.50, 636.60, 147.00,   0.00, 0.00, 0.00);
CreateObject(19357, -1924.50, 639.80, 147.00,   0.00, 0.00, 0.00);
CreateObject(19357, -1924.50, 643.00, 147.00,   0.00, 0.00, 0.00);
CreateObject(19357, -1924.50, 646.20, 147.00,   0.00, 0.00, 0.00);
CreateObject(19357, -1924.50, 649.40, 147.00,   0.00, 0.00, 0.00);
CreateObject(19357, -1924.50, 652.60, 147.00,   0.00, 0.00, 0.00);
CreateObject(19387, -1924.50, 655.80, 147.00,   0.00, 0.00, 0.00);
CreateObject(19357, -1924.50, 659.00, 147.00,   0.00, 0.00, 0.00);
CreateObject(19357, -1924.50, 662.20, 147.00,   0.00, 0.00, 0.00);
CreateObject(19357, -1924.50, 665.40, 147.00,   0.00, 0.00, 0.00);
CreateObject(19357, -1924.50, 668.60, 147.00,   0.00, 0.00, 0.00);
CreateObject(19357, -1924.50, 671.80, 147.00,   0.00, 0.00, 0.00);
CreateObject(19357, -1924.50, 675.00, 147.00,   0.00, 0.00, 0.00);
CreateObject(19357, -1924.50, 678.20, 147.00,   0.00, 0.00, 0.00);
CreateObject(19357, -1924.50, 681.40, 147.00,   0.00, 0.00, 0.00);
CreateObject(19357, -1925.99, 635.28, 147.00,   0.00, 0.00, 90.00);
CreateObject(19357, -1929.19, 635.28, 147.00,   0.00, 0.00, 90.00);
CreateObject(19357, -1932.39, 635.28, 147.00,   0.00, 0.00, 90.00);
CreateObject(19357, -1935.59, 635.28, 147.00,   0.00, 0.00, 90.00);
CreateObject(19357, -1938.79, 635.28, 147.00,   0.00, 0.00, 90.00);
CreateObject(19357, -1941.99, 635.28, 147.00,   0.00, 0.00, 90.00);
CreateObject(19357, -1945.19, 635.28, 147.00,   0.00, 0.00, 90.00);
CreateObject(19357, -1948.39, 635.28, 147.00,   0.00, 0.00, 90.00);
CreateObject(19357, -1951.59, 635.28, 147.00,   0.00, 0.00, 90.00);
CreateObject(19357, -1954.79, 635.28, 147.00,   0.00, 0.00, 90.00);
CreateObject(19357, -1957.99, 635.28, 147.00,   0.00, 0.00, 90.00);
CreateObject(19357, -1961.19, 635.28, 147.00,   0.00, 0.00, 90.00);
CreateObject(19357, -1964.39, 635.28, 147.00,   0.00, 0.00, 90.00);
CreateObject(19357, -1967.59, 635.28, 147.00,   0.00, 0.00, 90.00);
CreateObject(19357, -1970.79, 635.28, 147.00,   0.00, 0.00, 90.00);
CreateObject(19357, -1973.99, 635.28, 147.00,   0.00, 0.00, 90.00);
CreateObject(19357, -1977.19, 635.28, 147.00,   0.00, 0.00, 90.00);
CreateObject(19357, -1978.69, 636.60, 147.00,   0.00, 0.00, 0.00);
CreateObject(19357, -1978.69, 639.80, 147.00,   0.00, 0.00, 0.00);
CreateObject(19357, -1978.69, 643.00, 147.00,   0.00, 0.00, 0.00);
CreateObject(19357, -1978.69, 646.20, 147.00,   0.00, 0.00, 0.00);
CreateObject(19357, -1978.69, 649.40, 147.00,   0.00, 0.00, 0.00);
CreateObject(19357, -1978.69, 652.60, 147.00,   0.00, 0.00, 0.00);
CreateObject(19387, -1978.69, 655.80, 147.00,   0.00, 0.00, 0.00);
CreateObject(19357, -1978.69, 659.00, 147.00,   0.00, 0.00, 0.00);
CreateObject(19357, -1978.69, 662.20, 147.00,   0.00, 0.00, 0.00);
CreateObject(19357, -1978.69, 665.40, 147.00,   0.00, 0.00, 0.00);
CreateObject(19357, -1978.69, 668.60, 147.00,   0.00, 0.00, 0.00);
CreateObject(19357, -1978.69, 671.80, 147.00,   0.00, 0.00, 0.00);
CreateObject(19357, -1978.69, 675.00, 147.00,   0.00, 0.00, 0.00);
CreateObject(19357, -1978.69, 678.20, 147.00,   0.00, 0.00, 0.00);
CreateObject(19357, -1978.69, 681.40, 147.00,   0.00, 0.00, 0.00);
CreateObject(19357, -1925.99, 682.71, 147.00,   0.00, 0.00, 90.00);
CreateObject(19357, -1929.19, 682.71, 147.00,   0.00, 0.00, 90.00);
CreateObject(19357, -1932.39, 682.71, 147.00,   0.00, 0.00, 90.00);
CreateObject(19357, -1935.59, 682.71, 147.00,   0.00, 0.00, 90.00);
CreateObject(19357, -1938.79, 682.71, 147.00,   0.00, 0.00, 90.00);
CreateObject(19357, -1941.99, 682.71, 147.00,   0.00, 0.00, 90.00);
CreateObject(19357, -1945.19, 682.71, 147.00,   0.00, 0.00, 90.00);
CreateObject(19357, -1948.39, 682.71, 147.00,   0.00, 0.00, 90.00);
CreateObject(19357, -1951.59, 682.71, 147.00,   0.00, 0.00, 90.00);
CreateObject(19357, -1954.79, 682.71, 147.00,   0.00, 0.00, 90.00);
CreateObject(19357, -1957.99, 682.71, 147.00,   0.00, 0.00, 90.00);
CreateObject(19357, -1961.19, 682.71, 147.00,   0.00, 0.00, 90.00);
CreateObject(19357, -1964.39, 682.71, 147.00,   0.00, 0.00, 90.00);
CreateObject(19357, -1967.59, 682.71, 147.00,   0.00, 0.00, 90.00);
CreateObject(19357, -1970.79, 682.71, 147.00,   0.00, 0.00, 90.00);
CreateObject(19357, -1973.99, 682.71, 147.00,   0.00, 0.00, 90.00);
CreateObject(19357, -1977.19, 682.71, 147.00,   0.00, 0.00, 90.00);
CreateObject(19454, -1977.44, 677.99, 145.16,   0.00, 90.00, 0.00);
CreateObject(19454, -1977.44, 668.36, 145.16,   0.00, 90.00, 0.00);
CreateObject(19454, -1977.44, 658.72, 145.16,   0.00, 90.00, 0.00);
CreateObject(19454, -1977.44, 649.09, 145.16,   0.00, 90.00, 0.00);
CreateObject(19454, -1977.44, 639.45, 145.16,   0.00, 90.00, 0.00);
CreateObject(19454, -1970.96, 636.55, 145.16,   0.00, 90.00, 90.00);
CreateObject(19454, -1961.33, 636.53, 145.16,   0.00, 90.00, 90.00);
CreateObject(19454, -1951.70, 636.47, 145.16,   0.00, 90.00, 90.00);
CreateObject(19454, -1942.06, 636.51, 145.16,   0.00, 90.00, 90.00);
CreateObject(19454, -1932.43, 636.47, 145.16,   0.00, 90.00, 90.00);
CreateObject(19454, -1925.87, 639.50, 145.16,   0.00, 90.00, 0.00);
CreateObject(19454, -1925.77, 649.13, 145.16,   0.00, 90.00, 0.00);
CreateObject(19454, -1925.77, 658.76, 145.16,   0.00, 90.00, 0.00);
CreateObject(19454, -1925.71, 668.40, 145.16,   0.00, 90.00, 0.00);
CreateObject(19454, -1925.77, 678.03, 145.16,   0.00, 90.00, 0.00);
CreateObject(19454, -1932.34, 681.40, 145.16,   0.00, 90.00, 90.00);
CreateObject(19454, -1941.97, 681.40, 145.16,   0.00, 90.00, 90.00);
CreateObject(19454, -1951.60, 681.46, 145.16,   0.00, 90.00, 90.00);
CreateObject(19454, -1961.24, 681.55, 145.16,   0.00, 90.00, 90.00);
CreateObject(19454, -1970.87, 681.41, 145.16,   0.00, 90.00, 90.00);
CreateObject(14395, -1981.14, 655.77, 145.83,   0.00, 0.00, 0.00);
CreateObject(19377, -1984.44, 639.55, 145.16,   0.00, 90.00, 0.00);
CreateObject(19377, -1984.44, 649.18, 145.16,   0.00, 90.00, 0.00);
CreateObject(19377, -1984.44, 658.78, 145.16,   0.00, 90.00, 0.00);
CreateObject(19377, -1984.44, 668.40, 145.16,   0.00, 90.00, 0.00);
CreateObject(19377, -1984.44, 678.04, 145.16,   0.00, 90.00, 0.00);
CreateObject(19377, -1984.44, 687.67, 145.16,   0.00, 90.00, 0.00);
CreateObject(19377, -1974.15, 687.42, 145.16,   0.00, 90.00, 0.00);
CreateObject(19377, -1963.82, 687.53, 145.16,   0.00, 90.00, 0.00);
CreateObject(19377, -1953.51, 687.57, 145.16,   0.00, 90.00, 0.00);
CreateObject(19377, -1943.63, 687.51, 145.16,   0.00, 90.00, 0.00);
CreateObject(19377, -1933.21, 687.75, 145.16,   0.00, 90.00, 0.00);
CreateObject(19377, -1922.95, 687.63, 145.16,   0.00, 90.00, 0.00);
CreateObject(19377, -1918.94, 639.57, 145.16,   0.00, 90.00, 0.00);
CreateObject(19377, -1918.80, 649.15, 145.16,   0.00, 90.00, 0.00);
CreateObject(19377, -1918.80, 658.77, 145.16,   0.00, 90.00, 0.00);
CreateObject(19377, -1918.80, 668.40, 145.16,   0.00, 90.00, 0.00);
CreateObject(19377, -1918.80, 678.04, 145.16,   0.00, 90.00, 0.00);
CreateObject(19377, -1918.80, 687.67, 145.16,   0.00, 90.00, 0.00);
CreateObject(19377, -1984.43, 629.99, 145.16,   0.00, 90.00, 0.00);
CreateObject(19377, -1973.99, 630.00, 145.16,   0.00, 90.00, 0.00);
CreateObject(19377, -1963.53, 630.03, 145.15,   0.00, 90.00, 0.00);
CreateObject(19377, -1953.08, 630.18, 145.16,   0.00, 90.00, 0.00);
CreateObject(19377, -1942.66, 630.14, 145.16,   0.00, 90.00, 0.00);
CreateObject(19377, -1932.18, 629.93, 145.16,   0.00, 90.00, 0.00);
CreateObject(19377, -1921.73, 630.03, 145.16,   0.00, 90.00, 0.00);
CreateObject(19377, -1913.34, 670.63, 145.16,   0.00, 90.00, 0.00);
CreateObject(19377, -1913.34, 661.01, 145.16,   0.00, 90.00, 0.00);
CreateObject(19377, -1913.33, 651.44, 145.16,   0.00, 90.00, 0.00);
CreateObject(19377, -1913.34, 641.85, 145.16,   0.00, 90.00, 0.00);
CreateObject(19377, -1913.31, 632.24, 145.16,   0.00, 90.00, 0.00);
CreateObject(19377, -1913.91, 624.54, 145.16,   0.00, 90.00, 0.00);
CreateObject(19377, -1924.17, 624.46, 145.16,   0.00, 90.00, 0.00);
CreateObject(19377, -1934.54, 624.47, 145.16,   0.00, 90.00, 0.00);
CreateObject(19377, -1944.97, 624.39, 145.15,   0.00, 90.00, 0.00);
CreateObject(19377, -1955.18, 624.33, 145.16,   0.00, 90.00, 0.00);
CreateObject(19377, -1965.61, 624.33, 145.15,   0.00, 90.00, 0.00);
CreateObject(19377, -1975.98, 624.31, 145.15,   0.00, 90.00, 0.00);
CreateObject(19377, -1984.34, 624.20, 145.16,   0.00, 90.00, 0.00);
CreateObject(19377, -1989.28, 624.26, 145.16,   0.00, 90.00, 0.00);
CreateObject(19377, -1989.31, 633.85, 145.15,   0.00, 90.00, 0.00);
CreateObject(19377, -1989.41, 643.44, 145.15,   0.00, 90.00, 0.00);
CreateObject(19377, -1989.54, 652.99, 145.16,   0.00, 90.00, 0.00);
CreateObject(19377, -1989.50, 662.53, 145.15,   0.00, 90.00, 0.00);
CreateObject(19377, -1989.54, 672.04, 145.16,   0.00, 90.00, 0.00);
