4, 0, 350
CreateObject(18450, -1300.32, -25.20, 15.72,   0.00, 312.73, 90.00);
CreateObject(1632, -1304.28, -12.29, 31.50,   311.87, 0.00, 180.00);
CreateObject(1632, -1300.27, -12.29, 31.50,   311.87, 0.00, 180.00);
CreateObject(1632, -1296.35, -12.30, 31.49,   311.87, 0.00, 180.00);
CreateObject(1632, -1296.34, -20.61, 29.23,   331.64, 0.00, 180.00);
CreateObject(1632, -1300.26, -20.61, 29.23,   331.64, 0.00, 180.00);
CreateObject(1632, -1304.28, -20.61, 29.24,   331.64, 0.00, 180.00);
CreateObject(1632, -1296.35, -29.28, 29.91,   351.41, 0.00, 180.00);
CreateObject(1632, -1300.39, -29.28, 29.91,   351.41, 0.00, 180.00);
CreateObject(1632, -1304.27, -29.29, 29.91,   351.41, 0.00, 180.00);
CreateObject(1632, -1296.35, -37.14, 33.94,   16.33, 0.00, 180.00);
CreateObject(1632, -1300.43, -37.14, 33.94,   16.33, 0.00, 180.00);
CreateObject(1632, -1304.27, -37.14, 33.94,   16.33, 0.00, 180.00);
CreateObject(1632, -1304.26, -9.26, 33.15,   298.12, 0.00, 180.00);
CreateObject(1632, -1300.25, -9.26, 33.15,   298.12, 0.00, 180.00);
CreateObject(1632, -1296.35, -9.26, 33.15,   298.12, 0.00, 180.00);
CreateObject(1632, -1296.32, -39.68, 36.83,   30.08, 0.00, 180.00);
CreateObject(1632, -1296.32, -43.93, 44.34,   45.55, 0.00, 180.00);
CreateObject(18450, -1300.32, 28.82, 74.20,   0.00, 312.73, 90.00);
CreateObject(18450, -1300.32, 82.90, 132.73,   0.00, 312.73, 90.00);
CreateObject(18450, -1300.34, 135.34, 189.48,   0.00, 312.73, 90.00);
CreateObject(18450, -1300.35, 186.71, 245.10,   0.00, 312.73, 90.00);
CreateObject(18450, -1300.34, 240.37, 303.18,   0.00, 312.73, 90.00);
CreateObject(18450, -1300.34, 293.69, 360.90,   0.00, 312.73, 90.00);
CreateObject(18450, -1300.34, 346.60, 418.18,   0.00, 312.73, 90.00);
CreateObject(18450, -1300.34, 398.88, 474.78,   0.00, 312.73, 90.00);
CreateObject(18450, -1300.32, 451.69, 531.95,   0.00, 312.73, 90.00);
CreateObject(18450, -1300.31, 504.32, 588.95,   0.00, 312.73, 90.00);
CreateObject(18450, -1300.32, 557.00, 646.04,   0.00, 312.73, 90.00);
CreateObject(18450, -1300.32, 610.88, 704.37,   0.00, 312.73, 90.00);
CreateObject(18450, -1300.30, 663.64, 761.50,   0.00, 312.73, 90.00);
CreateObject(18450, -1300.29, 714.81, 816.89,   0.00, 312.73, 90.00);
CreateObject(18450, -1300.29, 767.60, 874.03,   0.00, 312.73, 90.00);
CreateObject(18450, -1300.29, 818.25, 928.87,   0.00, 312.73, 90.00);
CreateObject(18450, -1300.30, 871.71, 986.76,   0.00, 312.73, 90.00);
CreateObject(18450, -1300.30, 924.66, 1044.08,   0.00, 312.73, 90.00);
CreateObject(18450, -1300.30, 978.49, 1102.35,   0.00, 312.73, 90.00);
CreateObject(18450, -1300.29, 1031.70, 1159.98,   0.00, 312.73, 90.00);
CreateObject(8040, -1274.19, 1049.43, 1137.14,   0.00, 0.00, 270.00);
CreateObject(5153, -1290.20, 1012.25, 1137.40,   0.00, 0.00, 236.25);
CreateObject(5153, -1289.30, 1011.62, 1137.40,   0.00, 0.00, 236.25);
CreateObject(5153, -1289.19, 1013.76, 1136.60,   0.00, 0.00, 236.25);
CreateObject(5153, -1287.70, 1014.00, 1136.15,   0.00, 0.00, 236.25);
CreateObject(5153, -1292.54, 1008.81, 1138.29,   0.21, 23.63, 236.25);
CreateObject(5153, -1291.62, 1008.15, 1138.29,   0.21, 23.63, 236.25);
CreateObject(18450, -1300.29, 1085.80, 1218.54,   0.00, 312.73, 90.00);
CreateObject(18450, -1300.28, 1135.99, 1272.87,   0.00, 312.73, 90.00);
CreateObject(18450, -1300.28, 1188.13, 1329.31,   0.00, 312.73, 90.00);
CreateObject(18450, -1300.28, 1242.17, 1387.81,   0.00, 312.73, 90.00);
CreateObject(18450, -1300.28, 1293.11, 1442.96,   0.00, 312.73, 90.00);
CreateObject(18450, -1300.28, 1345.35, 1499.51,   0.00, 312.73, 90.00);
CreateObject(18450, -1300.28, 1398.18, 1556.70,   0.00, 312.73, 90.00);
CreateObject(18450, -1300.26, 1450.52, 1613.36,   0.00, 312.73, 90.00);
CreateObject(18450, -1300.26, 1502.04, 1669.13,   0.00, 312.73, 90.00);
CreateObject(18450, -1300.27, 1550.46, 1721.55,   0.00, 312.73, 90.00);
CreateObject(18450, -1300.27, 1604.64, 1780.20,   0.00, 312.73, 90.00);
CreateObject(18450, -1300.27, 1658.59, 1838.60,   0.00, 312.73, 90.00);
CreateObject(18450, -1300.26, 1711.24, 1895.62,   0.00, 312.73, 90.00);
CreateObject(18450, -1300.26, 1761.90, 1950.47,   0.00, 312.73, 90.00);
CreateObject(18450, -1300.25, 1815.19, 2008.17,   0.00, 312.73, 90.00);
CreateObject(18450, -1300.25, 1869.14, 2066.57,   0.00, 312.73, 90.00);
CreateObject(18450, -1300.25, 1923.23, 2125.13,   0.00, 312.73, 90.00);
CreateObject(4862, -1309.57, 2002.64, 2221.23,   0.00, 47.40, 270.00);
CreateObject(4862, -1309.53, 2117.81, 2346.36,   0.00, 47.40, 270.00);
CreateObject(4862, -1309.49, 2236.51, 2475.35,   0.00, 47.40, 270.00);
CreateObject(4862, -1309.44, 2355.68, 2604.84,   0.00, 47.40, 270.00);
CreateObject(4862, -1309.41, 2474.19, 2733.60,   0.00, 47.40, 270.00);
CreateObject(4862, -1309.36, 2593.88, 2863.66,   0.00, 47.40, 270.00);
CreateObject(4862, -1309.32, 2712.78, 2992.86,   0.00, 47.40, 270.00);
CreateObject(4862, -1309.29, 2831.92, 3122.31,   0.00, 47.40, 270.00);
CreateObject(4862, -1309.24, 2950.67, 3251.32,   0.00, 47.40, 270.00);
CreateObject(4862, -1309.18, 3069.33, 3380.25,   0.00, 47.40, 270.00);
CreateObject(4862, -1309.14, 3188.01, 3509.20,   0.00, 47.40, 270.00);
CreateObject(4862, -1309.08, 3306.09, 3637.50,   0.00, 47.40, 270.00);
CreateObject(4862, -1309.03, 3425.47, 3767.23,   0.00, 47.40, 270.00);
CreateObject(18450, -1299.81, 3608.96, 3968.38,   0.00, 309.08, 90.00);
CreateObject(4863, -1307.28, 3542.69, 3894.46,   0.00, 47.27, 270.00);
CreateObject(18450, -1314.26, 3608.96, 3968.38,   0.00, 309.08, 90.00);
CreateObject(8420, -1327.18, 3673.91, 3999.68,   0.00, 0.00, 270.00);
CreateObject(972, -1290.66, 3659.45, 3998.95,   0.00, 0.00, 0.00);
CreateObject(972, -1283.90, 3666.40, 3998.93,   0.00, 0.00, 180.00);
CreateObject(972, -1290.61, 3685.76, 3998.93,   0.00, 0.00, 0.00);
CreateObject(972, -1292.62, 3690.52, 3998.93,   0.00, 0.00, 90.00);
CreateObject(972, -1310.46, 3704.07, 3998.93,   0.00, 0.00, 0.00);
CreateObject(972, -1290.48, 3679.27, 3998.98,   0.00, 0.00, 0.00);
CreateObject(4862, -1361.30, 3736.66, 3921.96,   0.00, 65.32, 90.00);
CreateObject(3374, -1369.05, 3636.69, 3998.10,   0.00, 0.00, 0.00);
CreateObject(3374, -1372.99, 3636.68, 3998.13,   0.00, 0.00, 0.00);
CreateObject(3374, -1376.91, 3636.68, 3998.11,   0.00, 0.00, 0.00);
CreateObject(3374, -1380.87, 3636.75, 3998.06,   0.00, 0.00, 0.00);
CreateObject(3374, -1384.84, 3636.73, 3998.17,   0.00, 0.00, 0.00);
CreateObject(3374, -1392.61, 3636.84, 3998.12,   0.00, 0.00, 0.00);
CreateObject(3374, -1388.72, 3636.85, 3998.09,   0.00, 0.00, 0.00);
CreateObject(3374, -1396.63, 3636.86, 3998.05,   0.00, 0.00, 0.00);
CreateObject(3374, -1400.49, 3637.02, 3997.97,   0.00, 0.00, 0.00);
CreateObject(4862, -1361.32, 3809.60, 3763.39,   0.00, 65.32, 90.00);
CreateObject(18450, -1376.46, 3838.68, 3683.82,   0.00, 0.00, 0.00);
CreateObject(2918, -1370.25, 3839.87, 3687.54,   0.00, 0.00, 1.92);
CreateObject(3330, -1327.11, 3673.84, 4064.45,   0.00, 0.00, 90.00);
CreateObject(3292, -1292.62, 3684.08, 3999.63,   0.00, 0.00, 180.00);
CreateObject(3293, -1297.30, 3681.40, 4002.86,   0.00, 0.00, 180.00);
CreateObject(1000, -1295.31, 3688.76, 4003.28,   0.00, 0.00, 0.00);
CreateObject(1000, -1295.31, 3688.76, 4002.97,   0.00, 0.00, 0.00);
CreateObject(1001, -1295.28, 3688.76, 4002.46,   0.00, 0.00, 0.00);
CreateObject(1003, -1295.27, 3688.76, 4002.04,   0.00, 0.00, 0.00);
CreateObject(1004, -1295.52, 3687.73, 4000.16,   0.00, 0.00, 0.00);
CreateObject(1008, -1298.12, 3688.33, 4000.19,   0.00, 0.00, 0.00);
CreateObject(1010, -1294.59, 3688.53, 4000.38,   0.00, 46.41, 270.00);
CreateObject(1010, -1295.38, 3688.69, 4000.47,   0.00, 89.38, 270.00);
CreateObject(1010, -1295.68, 3688.53, 4000.48,   0.00, 89.38, 225.00);
CreateObject(1023, -1300.28, 3688.76, 4004.04,   0.00, 0.00, 0.00);
CreateObject(1024, -1295.19, 3688.76, 4001.94,   0.00, 0.00, 180.00);
CreateObject(1025, -1293.09, 3687.12, 4002.06,   0.00, 0.00, 180.00);
CreateObject(1028, -1297.04, 3688.08, 4001.58,   274.06, 0.00, 180.00);
CreateObject(1037, -1295.82, 3689.24, 4002.67,   274.92, 0.00, 0.00);
CreateObject(1074, -1293.05, 3686.08, 4002.03,   0.00, 0.00, 180.00);
CreateObject(1078, -1301.58, 3684.01, 4002.55,   0.00, 0.00, 0.00);
CreateObject(1079, -1301.59, 3685.03, 4002.58,   0.00, 0.00, 0.00);
CreateObject(1083, -1299.98, 3688.64, 4002.79,   0.00, 0.00, 270.00);
CreateObject(1090, -1301.65, 3686.37, 4003.68,   0.00, 0.00, 0.00);
CreateObject(1112, -1292.89, 3681.79, 4002.66,   0.00, 0.00, 0.00);
CreateObject(1115, -1298.02, 3688.69, 4004.32,   0.00, 0.00, 180.00);
CreateObject(1116, -1298.32, 3688.69, 4003.50,   0.00, 0.00, 180.00);
CreateObject(1138, -1300.13, 3688.76, 4005.09,   276.63, 0.00, 180.00);
CreateObject(1141, -1301.76, 3676.85, 4004.96,   0.00, 0.00, 90.00);
CreateObject(1147, -1301.63, 3676.05, 4003.71,   280.07, 359.14, 270.00);
CreateObject(1153, -1301.93, 3683.33, 4004.69,   0.00, 0.00, 270.00);
CreateObject(1155, -1302.01, 3681.79, 4004.72,   0.00, 0.00, 270.00);
CreateObject(1157, -1292.69, 3678.29, 4004.73,   0.00, 0.00, 90.00);
CreateObject(1160, -1292.52, 3676.80, 4002.06,   0.00, 0.00, 90.00);
CreateObject(1166, -1301.85, 3678.29, 4002.42,   0.00, 0.00, 270.00);
CreateObject(1174, -1293.02, 3679.20, 4003.73,   0.00, 0.00, 90.00);
CreateObject(1175, -1293.04, 3675.90, 4003.62,   0.00, 0.00, 90.00);
CreateObject(1177, -1293.04, 3682.92, 4001.72,   0.00, 0.00, 270.00);
CreateObject(1179, -1293.02, 3683.20, 4001.14,   0.00, 0.00, 90.00);
CreateObject(1180, -1292.97, 3683.14, 4000.55,   0.00, 0.00, 270.00);
CreateObject(1181, -1292.97, 3683.48, 4001.03,   0.00, 0.00, 90.00);
CreateObject(1185, -1292.94, 3684.46, 4002.37,   0.00, 0.00, 90.00);
CreateObject(1186, -1292.94, 3684.90, 4003.42,   0.00, 0.00, 270.00);
CreateObject(1003, -1293.09, 3680.66, 4002.26,   0.00, 0.00, 90.00);
CreateObject(1483, -1311.72, 3697.86, 4001.58,   0.00, 0.00, 180.00);
CreateObject(1482, -1291.65, 3658.64, 4001.29,   0.00, 0.00, 0.00);
CreateObject(1482, -1289.21, 3658.66, 4001.29,   0.00, 0.00, 180.00);
CreateObject(972, -1409.67, 3629.05, 3996.04,   0.00, 269.85, 180.00);
CreateObject(16644, -1406.30, 3604.70, 3999.49,   0.00, 0.00, 90.00);
CreateObject(972, -1290.65, 3644.24, 3998.95,   0.00, 0.00, 0.00);
CreateObject(2918, -1359.72, 3839.56, 3687.54,   0.00, 0.00, 0.06);
CreateObject(2918, -1370.27, 3842.66, 3687.54,   0.00, 0.00, 1.44);
CreateObject(2918, -1373.62, 3842.60, 3687.54,   0.00, 0.00, -1.02);
CreateObject(2918, -1367.08, 3842.72, 3687.54,   0.00, 0.00, -0.06);
CreateObject(2918, -1356.63, 3839.75, 3687.54,   0.00, 0.00, 0.06);
CreateObject(2918, -1373.44, 3839.71, 3687.54,   0.00, 0.00, -1.32);
CreateObject(2918, -1366.87, 3839.80, 3687.54,   0.00, 0.00, 1.08);
CreateObject(2918, -1359.97, 3842.18, 3687.54,   0.00, 0.00, 1.92);
CreateObject(2918, -1353.12, 3842.40, 3687.54,   0.00, 0.00, 1.92);
CreateObject(2918, -1356.67, 3842.22, 3687.54,   0.00, 0.00, 1.92);
CreateObject(2918, -1353.11, 3839.80, 3687.54,   0.00, 0.00, 0.06);
